Folha: 1 15/05/2025 16:33:33 
Cliente C Rep. Despacho CF CV Fatur Vlr.Merc Desconto Sub-Total IPI Total.NF 
0078-00 D 82-0 16/04/2025 07 07 40350 2.328,44 0,00 2.328,44 0,00 2.328,44 
0078-04 D 82-0 16/04/2025 07 07 40349 5.172,19 132,87 5.039,32 0,00 5.039,32 
0760-00 D 82-9 14/04/2025 07 07 40305 4.012,29 0,00 4.012,29 0,00 4.012,29 
0971-00 D 82-0 16/04/2025 07 07 40365 8.616,67 0,00 8.616,67 0,00 8.616,67 
0971-00 D 82-0 29/04/2025 06 07 40434 339,51 62,01 277,50 0,00 277,50 
0971-04 D 82-0 16/04/2025 07 07 40366 4.675,53 0,00 4.675,53 0,00 4.675,53 
0971-04 D 82-0 29/04/2025 05 07 40435 86,41 0,00 86,41 0,00 86,41 
1080-00 D 82-0 11/04/2025 07 07 40288 1.136,91 0,00 1.136,91 0,00 1.136,91 
1267-00 E 82-0 11/04/2025 F8 F8 40290 1.288,63 0,00 1.288,63 0,00 1.288,63 
1267-00 D 82-0 11/04/2025 F8 F8 40291 93,69 0,00 93,69 0,00 93,69 P
1267-00 E 82-0 07/05/2025 F8 F8 40494 387,96 0,00 387,96 0,00 387,96 
2165-01 D 82-0 06/05/2025 F8 F8 40464 1.662,11 0,00 1.662,11 0,00 1.662,14 
2282-00 D 82-0 05/05/2025 06 07 40462 483,51 0,00 483,51 0,00 483,51 
8449-01 D 82-0 06/05/2025 06 07 40473 836,41 0,00 836,41 0,00 836,41 
B033-01 D 82-9 09/04/2025 06 07 40263 943,37 0,00 943,37 0,00 943,37 
B983-00 D 82-0 09/05/2025 F8 F8 40501 1.302,79 0,00 1.302,79 0,00 1.302,79 
E360-00 D 82-9 03/04/2025 07 07 40236 1.660,31 0,00 1.660,31 0,00 1.660,31 
F379-00 D 82-0 29/04/2025 07 07 40428 1.031,06 0,00 1.031,06 0,00 1.031,06 
I489-00 D 82-4 29/04/2025 07 07 40429 1.997,79 0,00 1.997,79 0,00 1.997,79 
L300-00 D 82-9 09/04/2025 07 07 40259 910,85 0,00 910,85 0,00 910,85 
R104-02 E 82-0 15/04/2025 F8 F8 40340 621,80 0,00 621,80 0,00 621,80 
W231-00 E 82-0 29/04/2025 06 07 40413 307,24 0,00 307,24 0,00 307,24 
W508-00 D 82-0 29/04/2025 F8 F8 40436 282,12 0,00 282,12 0,00 282,13 